BRICK1:241,160,50,20
BRICK1:241,180,50,20
BRICK1:241,200,50,20
BRICK1:241,220,50,20
BRICK1:241,240,50,20
BRICK1:241,260,50,20
BRICK1:241,280,50,20
BRICK1:241,300,50,20
BRICK1:241,320,50,20
BRICK1:241,340,50,20
BRICK1:241,360,50,20
BRICK1:241,380,50,20
BRICK1:191,280,50,20
BRICK1:191,300,50,20
BRICK1:141,300,50,20
BRICK1:141,280,50,20
BRICK1:291,300,50,20
BRICK1:291,280,50,20
BRICK1:341,280,50,20
BRICK1:341,300,50,20
BRICK1:241,400,50,20
BRICK1:241,420,50,20
COW:149,393,64,64
COW:331,393,64,64
COW:331,188,64,64
COW:149,188,64,64
FISHES:S
STARS:1000,2000,3000
LIVES:4
