BRICK1:166,451,50,20
BRICK1:116,451,50,20
BRICK1:216,451,50,20
BRICK1:266,451,50,20
BRICK1:266,431,50,20
BRICK1:266,411,50,20
BRICK1:266,391,50,20
BRICK1:266,371,50,20
BRICK1:266,351,50,20
BRICK1:266,331,50,20
BRICK1:216,331,50,20
BRICK1:166,331,50,20
BRICK1:116,331,50,20
BRICK1:116,351,50,20
BRICK1:116,371,50,20
BRICK1:116,391,50,20
BRICK1:116,411,50,20
BRICK1:116,431,50,20
COW:191,390,64,64
BRICK1:420,240,50,20
BRICK1:370,240,50,20
BRICK1:420,220,50,20
BRICK1:420,200,50,20
BRICK1:420,180,50,20
BRICK1:420,160,50,20
BRICK1:420,140,50,20
BRICK1:420,120,50,20
BRICK1:370,120,50,20
BRICK1:320,120,50,20
BRICK1:270,120,50,20
BRICK1:155,11,50,20
BRICK1:155,31,50,20
BRICK1:155,71,50,20
BRICK1:155,51,50,20
BRICK1:155,91,50,20
BRICK1:155,111,50,20
BRICK1:105,111,50,20
BRICK1:55,111,50,20
BRICK1:5,111,50,20
BRICK1:320,240,50,20
BRICK1:270,240,50,20
BRICK1:270,220,50,20
BRICK1:270,200,50,20
BRICK1:270,180,50,20
BRICK1:270,160,50,20
BRICK1:270,140,50,20
BRICK1:105,11,50,20
BRICK1:55,11,50,20
BRICK1:5,11,50,20
BRICK1:5,31,50,20
BRICK1:5,51,50,20
BRICK1:5,71,50,20
BRICK1:5,91,50,20
COW:81,61,64,64
COW:345,182,64,64
FISHES:GS
STARS:1000,2000,3000
LIVES:3
ALIEN_INTERVAL:2000
