COW:240,281,64,64
BRICK1:241,351,50,20
BRICK1:191,351,50,20
BRICK1:291,351,50,20
BRICK1:313,331,50,20
BRICK1:323,311,50,20
BRICK1:323,291,50,20
BRICK1:323,271,50,20
BRICK1:323,251,50,20
BRICK1:313,231,50,20
BRICK1:291,211,50,20
BRICK1:241,211,50,20
BRICK1:191,211,50,20
BRICK1:168,331,50,20
BRICK1:168,231,50,20
BRICK1:158,251,50,20
BRICK1:158,271,50,20
BRICK1:158,291,50,20
BRICK1:158,311,50,20
BRICK2:240,391,50,20
BRICK2:190,391,50,20
BRICK2:290,391,50,20
BRICK2:140,391,50,20
BRICK2:116,371,50,20
BRICK2:340,391,50,20
BRICK2:365,370,50,20
BRICK2:385,350,50,20
BRICK2:96,350,50,20
BRICK2:85,330,50,20
BRICK2:396,330,50,20
BRICK2:85,310,50,20
BRICK2:396,310,50,20
BRICK2:396,290,50,20
BRICK2:396,270,50,20
BRICK2:85,290,50,20
BRICK2:85,270,50,20
BRICK2:85,250,50,20
BRICK2:396,250,50,20
BRICK2:85,230,50,20
BRICK2:396,230,50,20
BRICK2:385,210,50,20
BRICK2:96,210,50,20
BRICK2:365,190,50,20
BRICK2:116,190,50,20
BRICK2:136,170,50,20
BRICK2:186,170,50,20
BRICK2:236,170,50,20
BRICK2:286,170,50,20
BRICK2:336,170,50,20
BRICK1:240,441,50,20
BRICK1:190,441,50,20
BRICK1:290,441,50,20
BRICK1:140,431,50,20
BRICK1:340,431,50,20
BRICK1:90,424,50,20
BRICK1:390,424,50,20
BRICK1:313,131,50,20
BRICK1:168,131,50,20
FISHES:GS
STARS:1000,2000,3000
LIVES:4
ALIEN_INTERVAL:2000
