BRICK3:96,151,50,20
BRICK3:96,171,50,20
BRICK3:96,191,50,20
BRICK3:96,211,50,20
BRICK3:96,231,50,20
BRICK3:96,251,50,20
BRICK3:96,271,50,20
BRICK3:96,291,50,20
BRICK3:96,311,50,20
BRICK3:96,331,50,20
BRICK3:96,351,50,20
BRICK3:96,371,50,20
BRICK3:96,411,50,20
BRICK3:96,391,50,20
BRICK3:96,431,50,20
BRICK3:96,451,50,20
BRICK3:96,471,50,20
BRICK3:73,491,50,20
BRICK3:123,491,50,20
BRICK3:46,151,50,20
BRICK3:75,131,50,20
BRICK3:419,151,50,20
BRICK3:237,211,50,20
BRICK3:231,231,50,20
BRICK3:231,251,50,20
BRICK3:231,271,50,20
BRICK3:231,291,50,20
BRICK3:231,311,50,20
BRICK3:231,331,50,20
BRICK3:231,351,50,20
BRICK3:231,371,50,20
BRICK3:231,391,50,20
BRICK3:231,411,50,20
BRICK3:246,191,50,20
BRICK3:288,151,50,20
BRICK3:270,171,50,20
BRICK3:324,131,50,20
BRICK3:374,131,50,20
BRICK3:237,431,50,20
BRICK3:246,451,50,20
BRICK3:268,471,50,20
BRICK3:300,491,50,20
BRICK3:350,491,50,20
BRICK3:387,471,50,20
BRICK3:419,451,50,20
BRICK3:431,431,50,20
BRICK3:436,411,50,20
BRICK3:432,391,50,20
BRICK3:281,351,50,20
BRICK3:415,371,50,20
BRICK3:390,351,50,20
BRICK3:362,331,50,20
BRICK3:312,331,50,20
COW:336,414,64,64
COW:35,210,64,64
COW:357,235,64,64
COW:35,375,64,64
FISHES:GS
STARS:1000,2000,3000
LIVES:4
ALIEN_INTERVAL:2000
