BRICK1:216,11,50,20
BRICK1:266,11,50,20
BRICK1:216,31,50,20
BRICK1:266,31,50,20
BRICK1:216,51,50,20
BRICK1:266,51,50,20
BRICK1:216,71,50,20
BRICK1:266,71,50,20
BRICK1:266,91,50,20
BRICK1:216,91,50,20
BRICK1:266,111,50,20
BRICK1:216,111,50,20
BRICK1:216,131,50,20
BRICK1:266,131,50,20
BRICK1:216,151,50,20
BRICK1:266,151,50,20
BRICK1:216,171,50,20
BRICK1:266,171,50,20
BRICK1:216,191,50,20
BRICK1:266,191,50,20
BRICK1:216,211,50,20
BRICK1:266,211,50,20
COW:97,121,64,64
COW:240,304,64,64
COW:381,121,64,64
FISHES:GS
STARS:1000,2000,3000
LIVES:3
